,0,1,2,3,4,5
0,0.952,0.535,0.374,0.288,0.234,0.197
1,0.535,0.288,0.197,0.150,0.121,0.101
2,0.374,0.197,0.134,0.101,0.081,0.068
3,0.288,0.150,0.101,0.076,0.061,0.051
4,0.234,0.121,0.081,0.061,0.049,0.041
5,0.197,0.101,0.068,0.051,0.041,0.034
