,0,1,2,3,4,5
0,0.95173,0.53544,0.37393,0.28753,0.23363,0.19678
1,0.53544,0.28753,0.19678,0.14962,0.12070,0.10116
2,0.37393,0.19678,0.13361,0.10116,0.08139,0.06809
3,0.28753,0.14962,0.10116,0.07641,0.06140,0.05131
4,0.23363,0.12070,0.08139,0.06140,0.04929,0.04117
5,0.19678,0.10116,0.06809,0.05131,0.04117,0.03438
